0000000000000000000000000000000000000001
0000000000000000000000001110100000000001
0000000000000000000000000000000000000001
0000000000001000000000001110100000000001
0000000000000010000000000010000000000001
0000000000000000000000000000000000000001
0000000000110000000000001110001000000001
0000000001011010000000110010000000000001
0000000001010010000001010010001000000001
0000000001000010000000110011010000000001
0000000000111010000001010010001000000001
0000000000110010000000010010001000000001
0000000000101010000000100010001000000001
0000000000100010000001000010001000000001
0000000000000000000000000000000000000001
0000000001001000000000001110001000000001
0000000001100000000000001111001000000001
0000000010001010000010000010000000000001
0000000010000010000010100010001000000001
0000000001110010000010000011010000000001
0000000001101010000010100010001000000001
0000000001001010000001100010001000000001
0000000001000010000001110010001000000001
0000000000111010000010010010001000000001
0000000000000000000000000000000000000001
0000000001111000000000001110001000000001
0000000000010000000000001110001000000001
0000000010010000000000001111001000000001
0000000000000001000010000010000000000001
0000000000000000000000000000000000000001
0000000010101000000000001110001000000001
0000000011010010000011010010000000000001
0000000011001010000011110010001000000001
0000000010111010000011010011010000000001
0000000010110010000011110010001000000001
0000000010101010000010110010001000000001
0000000010100010000011000010001000000001
0000000010011010000011100010001000000001
0000000000000000000000000000000000000001
0000000011000000000000001110001000000001
0000000011011000000000001111001000000001
0000000100000010000100100010000000000001
0000000011111010000101000010001000000001
0000000011101010000100100011010000000001
0000000011100010000101000010001000000001
0000000011000010000100000010001000000001
0000000010111010000100010010001000000001
0000000010110010000100110010001000000001
0000000000000000000000000000000000000001
0000000011110000000000001110001000000001
0000000000011000000000001110001000000001
0000000100001000000000001111001000000001
0000000000001010000101010010000000000001
0000000000000000000000000000000000000001
0000000100110000000000001110001000000001
0000000101011010000110000010000000000001
0000000101010010000110100010001000000001
0000000101000010000110000011010000000001
0000000100111010000110100010001000000001
0000000100110010000101100010001000000001
0000000100101010000101110010001000000001
0000000100100010000110010010001000000001
0000000000000000000000000000000000000001
0000000101001000000000001110001000000001
0000000101100000000000001111001000000001
0000000110001010000111010010000000000001
0000000110000010000111110010001000000001
0000000101110010000111010011010000000001
0000000101101010000111110010001000000001
0000000101001010000110110010001000000001
0000000101000010000111000010001000000001
0000000100111010000111100010001000000001
0000000000000000000000000000000000000001
0000000101111000000000001110001000000001
0000000100010000000000001110001000000001
0000000110010000000000001111001000000001
0000000000001001000010000010000000000001
0000000000000000000000000000000000000001
0000000110101000000000001110001000000001
0000000111010010001000100010000000000001
0000000111001010001001000010001000000001
0000000110111010001000100011010000000001
0000000110110010001001000010001000000001
0000000110101010001000000010001000000001
0000000110100010001000010010001000000001
0000000110011010001000110010001000000001
0000000000000000000000000000000000000001
0000000111000000000000001110001000000001
0000000111011000000000001111001000000001
0000001000000010001001110010000000000001
0000000111111010001010010010001000000001
0000000111101010001001110011010000000001
0000000111100010001010010010001000000001
0000000111000010001001010010001000000001
0000000110111010001001100010001000000001
0000000110110010001010000010001000000001
0000000000000000000000000000000000000001
0000000111110000000000001110001000000001
0000000100011000000000001110001000000001
0000001000001000000000001111001000000001
0000000000011001000010000010000000000001
0000000000000000000000000000000000000001
0000001001101000000000001111000000000001
1111111111101001000010000010001000000001
0000001001100000000000001111001000000001
0000001001010001000010000010000000000001
0000001001010010001101100010001001000001
0000001001100010001101100010001000000001
0000001001000001000010000011010000000001
0000001001000010001101100010001001000001
0000001001101010001101100010001000000001
0000000000000000000000000000000000000001
0000001001001000000000001110001000000001
0000001001011000000000001111001000000001
0000001001110000000000001110001000000001
1111111111110010001100100100000000000001
0000001001110001000010000010000000001001
0000001001110010001010100010000000000001
1111111111110010001010110010001000000001
0000001000010000000000001110001000000001
0000001001110010001011000010000000000001
1111111111110010001011010010001000000001
0000001000010000000000001110001000100011
1111111111110010001100110100000000000001
0000001001110001000010000010000000001001
0000001001110010001011100010000000000001
1111111111110010001011110010001000000001
0000001000010000000000001110001000100011
1111111111110010001101000100000000000001
0000001001110001000010000010000000001001
0000001001110010001100000010000000000001
1111111111110010001100010010001000000001
0000001000010000000000001110001000100011
0000000000000000000000000000000000000001
0000001000010000000000001100000000000001
0000001001110111111111110010000001000001
1111111111110001000001110010001000000001
0000001000010000000000001110001000000001
0000001000010111111111110010000000000001
0000001000010000000000001110001000000001
0000001000010000000000001100000000000001
0000001001110111111111110010000001000001
1111111111110001000001110010001000000001
0000001000010000000000001110001000000001
0000001000010111111111110010000000000001
0000001000010000000000001110001000000001
0000001000010000000000001100000000000001
0000001001110111111111110010000001000001
1111111111110001000001110010001000000001
0000001000010000000000001110001000000001
0000001000010111111111110010000000000001
0000001000010000000000001110001000000001
0000001000010000000000001100000000000001
0000000000000010001101011010000000000001
1111111111100111111111110010000000000001
0000001000111000000000001110001000000001
0000000000000000000000000000000000000001
0000001000111001000010000100000000000001
1111111111110001000010000010000000001001
0000000000000000000000000000000000000001
0000001000111000000000001110001000100011
0000000000000000000000000000000000000001
0000001000111001000010000100000000000001
0000001000110001000010000010000000001001
0000001000111010001101110010000000000001
0000001000110010001101110010001001000001
0000001000110001000010000010001000000001
0000001000111000000000001110001000100011
0000000000000000000000000000000000000001
0000001000111001000010000010000000000001
0000001000101000000000001110001000000001
1111111111110010001110000010001001001001
1111111111110001000010000010000000000001
1111111111101001000010000010000000100101
0000001000100000000000001110001000000001
0000001000111000000000001100000000000001
0000000000011111111111110010000000000001
0000001000011000000000001110001000000001
0000000000010010001110010010000000000001
0000000100010010001110010010001000000001
0000000000000000000000000000000000000001
0000001001111000000000001110001000000001
0000000100011001000010000010000000000001
0000000000000000000000000000000000000001
0000001001101000000000001111000000000001
1111111111101001000010000010001000000001
0000001001100000000000001111001000000001
0000001010111001000010000010000000000001
0000001010111010010001100010001001000001
0000001001100010010001100010001000000001
0000001010101001000010000011010000000001
0000001010101010010001100010001001000001
0000001001101010010001100010001000000001
0000000000000000000000000000000000000001
0000001010110000000000001110001000000001
0000001011000000000000001111001000000001
0000001001110000000000001110001000000001
1111111111110010010000100100000000000001
0000001001110001000010000010000000001001
0000001001110010001110100010000000000001
1111111111110010001110110010001000000001
0000001000010000000000001110001000000001
0000001001110010001111000010000000000001
1111111111110010001111010010001000000001
0000001000010000000000001110001000100011
1111111111110010010000110100000000000001
0000001001110001000010000010000000001001
0000001001110010001111100010000000000001
1111111111110010001111110010001000000001
0000001000010000000000001110001000100011
1111111111110010010001000100000000000001
0000001001110001000010000010000000001001
0000001001110010010000000010000000000001
1111111111110010010000010010001000000001
0000001000010000000000001110001000100011
0000000000000000000000000000000000000001
0000001000010000000000001100000000000001
0000001001110111111111110010000001000001
1111111111110001000001110010001000000001
0000001000010000000000001110001000000001
0000001000010111111111110010000000000001
0000001000010000000000001110001000000001
0000001000010000000000001100000000000001
0000001001110111111111110010000001000001
1111111111110001000001110010001000000001
0000001000010000000000001110001000000001
0000001000010111111111110010000000000001
0000001000010000000000001110001000000001
0000001000010000000000001100000000000001
0000001001110111111111110010000001000001
1111111111110001000001110010001000000001
0000001000010000000000001110001000000001
0000001000010111111111110010000000000001
0000001000010000000000001110001000000001
0000001000010000000000001100000000000001
0000000000000010010001011010000000000001
1111111111100111111111110010000000000001
0000001010100000000000001110001000000001
0000000000000000000000000000000000000001
0000001010100001000010000100000000000001
1111111111110001000010000010000000001001
0000000000000000000000000000000000000001
0000001010100000000000001110001000100011
0000000000000000000000000000000000000001
0000001010100001000010000100000000000001
0000001010011001000010000010000000001001
0000001010100010010001110010000000000001
0000001010011010010001110010001001000001
0000001010011001000010000010001000000001
0000001010100000000000001110001000100011
0000000000000000000000000000000000000001
0000001010100001000010000010000000000001
0000001010010000000000001110001000000001
1111111111110010010010000010001001001001
1111111111110001000010000010000000000001
1111111111101001000010000010000000100101
0000001010001000000000001110001000000001
0000001010100000000000001100000000000001
0000000100011111111111110010000000000001
0000001010000000000000001110001000000001
0000001001111001000010000010000000000001
0000000000000000000000000000000000000001
0000001001101000000000001111000000000001
1111111111101001000010000010001000000001
0000001001100000000000001111001000000001
0000001100000001000010000010000000000001
0000001100000010010101010010001001000001
0000001001100010010101010010001000000001
0000001011110001000010000011010000000001
0000001011110010010101010010001001000001
0000001001101010010101010010001000000001
0000000000000000000000000000000000000001
0000001011111000000000001110001000000001
0000001100001000000000001111001000000001
0000001001110000000000001110001000000001
1111111111110010010100010100000000000001
0000001001110001000010000010000000001001
0000001001110010010010010010000000000001
1111111111110010010010100010001000000001
0000001000010000000000001110001000000001
0000001001110010010010110010000000000001
1111111111110010010011000010001000000001
0000001000010000000000001110001000100011
1111111111110010010100100100000000000001
0000001001110001000010000010000000001001
0000001001110010010011010010000000000001
1111111111110010010011100010001000000001
0000001000010000000000001110001000100011
1111111111110010010100110100000000000001
0000001001110001000010000010000000001001
0000001001110010010011110010000000000001
1111111111110010010100000010001000000001
0000001000010000000000001110001000100011
0000000000000000000000000000000000000001
0000001000010000000000001100000000000001
0000001001110111111111110010000001000001
1111111111110001000001110010001000000001
0000001000010000000000001110001000000001
0000001000010111111111110010000000000001
0000001000010000000000001110001000000001
0000001000010000000000001100000000000001
0000001001110111111111110010000001000001
1111111111110001000001110010001000000001
0000001000010000000000001110001000000001
0000001000010111111111110010000000000001
0000001000010000000000001110001000000001
0000001000010000000000001100000000000001
0000001001110111111111110010000001000001
1111111111110001000001110010001000000001
0000001000010000000000001110001000000001
0000001000010111111111110010000000000001
0000001000010000000000001110001000000001
0000001000010000000000001100000000000001
0000000000000010010101001010000000000001
1111111111100111111111110010000000000001
0000001011101000000000001110001000000001
0000000000000000000000000000000000000001
0000001011101001000010000100000000000001
1111111111110001000010000010000000001001
0000000000000000000000000000000000000001
0000001011101000000000001110001000100011
0000000000000000000000000000000000000001
0000001011101001000010000100000000000001
0000001011100001000010000010000000001001
0000001011101010010101100010000000000001
0000001011100010010101100010001001000001
0000001011100001000010000010001000000001
0000001011101000000000001110001000100011
0000000000000000000000000000000000000001
0000001011101001000010000010000000000001
0000001011011000000000001110001000000001
1111111111110010010101110010001001001001
1111111111110001000010000010000000000001
1111111111101001000010000010000000100101
0000001011010000000000001110001000000001
0000001011101000000000001100000000000001
0000001001111111111111110010000000000001
0000001011001000000000001110001000000001
0000001000011001000010000010000000000001
1111111101111000000000000000001000000001
0000001010000001000010000010000000000001
1111111110000000000000000000001000000001
0000001011001010010110000010000000000001
0000000000000000000000000000000000000001
0000001100010000000000001110001000000001
0000001011001010010110000010000000000001
0000000000000000000000000000000000000001
0000001100011000000000001110001000000001
0000001100010001000010000010000000000001
1111111101101000000000000000001000000001
0000001100011001000010000010000000000001
1111111101110000000000000000001000000001
0000000000000000000000000000000000000001
0000000000000000000000000000000000000001
0000000000000000000000000000000000000001
0000000000000000000000000000000000000001
0000000000000000000000000000000000000001
0000000000000000000000000000000000000001
0000000000000000000000000000000000000001
0000000000000000000000000000000000000001
0000000000000000000000000000000000000001
0000000000000000000000000000000000000001
0000000000000000000000000000000000000001
0000000000000000000000000000000000000001
0000000000000000000000000000000000000001
0000000000000000000000000000000000000001
0000000000000000000000000000000000000001
0000000000000000000000000000000000000001
0000000000000000000000000000000000000001
0000000000000000000000000000000000000001
0000000000000000000000000000000000000001
0000000000000000000000000000000000000001
0000000000000000000000000000000000000001
0000000000000000000000000000000000000001
0000000000000000000000000000000000000001
0000000000000000000000000000000000000001
0000000000000000000000000000000000000001
0000000000000000000000000000000000000001
0000000000000000000000000000000000000001
0000000000000000000000000000000000000001
0000000000000000000000000000000000000001
0000000000000000000000000000000000000001
0000000000000000000000000000000000000001
0000000000000000000000000000000000000001
0000000000000000000000000000000000000001
0000000000000000000000000000000000000001
0000000000000000000000000000000000000001
0000000000000000000000000000000000000001
0000000000000000000000000000000000000001
0000000000000000000000000000000000000001
0000000000000000000000000000000000000001
0000000000000000000000000000000000000001
0000000000000000000000000000000000000001
0000000000000000000000000000000000000001
0000000000000000000000000000000000000001
0000000000000000000000000000000000000001
0000000000000000000000000000000000000001
0000000000000000000000000000000000000001
0000000000000000000000000000000000000001
0000000000000000000000000000000000000001
0000000000000000000000000000000000000001
0000000000000000000000000000000000000001
0000000000000000000000000000000000000001
0000000000000000000000000000000000000001
0000000000000000000000000000000000000001
0000000000000000000000000000000000000001
0000000000000000000000000000000000000001
0000000000000000000000000000000000000001
0000000000000000000000000000000000000001
0000000000000000000000000000000000000001
0000000000000000000000000000000000000001
0000000000000000000000000000000000000001
0000000000000000000000000000000000000001
0000000000000000000000000000000000000001
0000000000000000000000000000000000000001
0000000000000000000000000000000000000001
0000000000000000000000000000000000000001
0000000000000000000000000000000000000001
0000000000000000000000000000000000000001
0000000000000000000000000000000000000001
0000000000000000000000000000000000000001
0000000000000000000000000000000000000001
0000000000000000000000000000000000000001
0000000000000000000000000000000000000001
0000000000000000000000000000000000000001
0000000000000000000000000000000000000001
0000000000000000000000000000000000000001
0000000000000000000000000000000000000001
0000000000000000000000000000000000000001
0000000000000000000000000000000000000001
0000000000000000000000000000000000000001
0000000000000000000000000000000000000001
0000000000000000000000000000000000000001
0000000000000000000000000000000000000001
0000000000000000000000000000000000000001
0000000000000000000000000000000000000001
0000000000000000000000000000000000000001
0000000000000000000000000000000000000001
0000000000000000000000000000000000000001
0000000000000000000000000000000000000001
0000000000000000000000000000000000000001
0000000000000000000000000000000000000001
0000000000000000000000000000000000000001
0000000000000000000000000000000000000001
0000000000000000000000000000000000000001
0000000000000000000000000000000000000001
0000000000000000000000000000000000000001
0000000000000000000000000000000000000001
0000000000000000000000000000000000000001
0000000000000000000000000000000000000001
0000000000000000000000000000000000000001
0000000000000000000000000000000000000001
0000000000000000000000000000000000000001
0000000000000000000000000000000000000001
0000000000000000000000000000000000000001
0000000000000000000000000000000000000001
0000000000000000000000000000000000000001
0000000000000000000000000000000000000001
0000000000000000000000000000000000000001
0000000000000000000000000000000000000001
0000000000000000000000000000000000000001
0000000000000000000000000000000000000001
0000000000000000000000000000000000000001
0000000000000000000000000000000000000001
0000000000000000000000000000000000000001
0000000000000000000000000000000000000001
0000000000000000000000000000000000000001
0000000000000000000000000000000000000001
0000000000000000000000000000000000000001
0000000000000000000000000000000000000001
0000000000000000000000000000000000000001
0000000000000000000000000000000000000001
0000000000000000000000000000000000000001
0000000000000000000000000000000000000001
0000000000000000000000000000000000000001
0000000000000000000000000000000000000001
0000000000000000000000000000000000000001
0000000000000000000000000000000000000001
0000000000000000000000000000000000000001
0000000000000000000000000000000000000001
0000000000000000000000000000000000000001
0000000000000000000000000000000000000001
0000000000000000000000000000000000000001
0000000000000000000000000000000000000001
0000000000000000000000000000000000000001
0000000000000000000000000000000000000001
0000000000000000000000000000000000000001
0000000000000000000000000000000000000001
0000000000000000000000000000000000000001
0000000000000000000000000000000000000001
0000000000000000000000000000000000000001
0000000000000000000000000000000000000001
0000000000000000000000000000000000000001
0000000000000000000000000000000000000001
0000000000000000000000000000000000000001
0000000000000000000000000000000000000001
0000000000000000000000000000000000000001
0000000000000000000000000000000000000001
0000000000000000000000000000000000000001
0000000000000000000000000000000000000001
0000000000000000000000000000000000000001
0000000000000000000000000000000000000001
0000000000000000000000000000000000000001
0000000000000000000000000000000000000001
0000000000000000000000000000000000000001
0000000000000000000000000000000000000001
0000000000000000000000000000000000000001
0000000000000000000000000000000000000001
0000000000000000000000000000000000000001
0000000000000000000000000000000000000001
0000000000000000000000000000000000000001
0000000000000000000000000000000000000001
0000000000000000000000000000000000000001
0000000000000000000000000000000000000001
0000000000000000000000000000000000000001
0000000000000000000000000000000000000001
0000000000000000000000000000000000000001
0000000000000000000000000000000000000001
0000000000000000000000000000000000000001
0000000000000000000000000000000000000001
0000000000000000000000000000000000000001
0000000000000000000000000000000000000001
0000000000000000000000000000000000000001
0000000000000000000000000000000000000001
0000000000000000000000000000000000000001
0000000000000000000000000000000000000001
0000000000000000000000000000000000000001
0000000000000000000000000000000000000001
0000000000000000000000000000000000000001
0000000000000000000000000000000000000001
0000000000000000000000000000000000000001
0000000000000000000000000000000000000001
0000000000000000000000000000000000000001
0000000000000000000000000000000000000001
0000000000000000000000000000000000000001
0000000000000000000000000000000000000001
0000000000000000000000000000000000000001
0000000000000000000000000000000000000001
0000000000000000000000000000000000000001
0000000000000000000000000000000000000001
0000000000000000000000000000000000000001
0000000000000000000000000000000000000001
0000000000000000000000000000000000000001
0000000000000000000000000000000000000001
0000000000000000000000000000000000000001
0000000000000000000000000000000000000001
0000000000000000000000000000000000000001
0000000000000000000000000000000000000001
0000000000000000000000000000000000000001
0000000000000000000000000000000000000001
0000000000000000000000000000000000000001
0000000000000000000000000000000000000001
0000000000000000000000000000000000000001
0000000000000000000000000000000000000001
0000000000000000000000000000000000000001
0000000000000000000000000000000000000001
0000000000000000000000000000000000000001
0000000000000000000000000000000000000001
0000000000000000000000000000000000000001
0000000000000000000000000000000000000001
0000000000000000000000000000000000000001
0000000000000000000000000000000000000001
0000000000000000000000000000000000000001
0000000000000000000000000000000000000001
0000000000000000000000000000000000000001
0000000000000000000000000000000000000001
0000000000000000000000000000000000000001
0000000000000000000000000000000000000001
0000000000000000000000000000000000000001
0000000000000000000000000000000000000001
0000000000000000000000000000000000000001
0000000000000000000000000000000000000001
0000000000000000000000000000000000000001
0000000000000000000000000000000000000001
0000000000000000000000000000000000000001
0000000000000000000000000000000000000001
0000000000000000000000000000000000000001
0000000000000000000000000000000000000001
0000000000000000000000000000000000000001
0000000000000000000000000000000000000001
0000000000000000000000000000000000000001
0000000000000000000000000000000000000001
0000000000000000000000000000000000000001
0000000000000000000000000000000000000001
0000000000000000000000000000000000000001
0000000000000000000000000000000000000001
0000000000000000000000000000000000000001
0000000000000000000000000000000000000001
0000000000000000000000000000000000000001
0000000000000000000000000000000000000001
0000000000000000000000000000000000000001
0000000000000000000000000000000000000001
0000000000000000000000000000000000000001
0000000000000000000000000000000000000001
0000000000000000000000000000000000000001
0000000000000000000000000000000000000001
0000000000000000000000000000000000000001
0000000000000000000000000000000000000001
0000000000000000000000000000000000000001
0000000000000000000000000000000000000001
0000000000000000000000000000000000000001
0000000000000000000000000000000000000001
0000000000000000000000000000000000000001
0000000000000000000000000000000000000001
0000000000000000000000000000000000000001
0000000000000000000000000000000000000001
0000000000000000000000000000000000000001
0000000000000000000000000000000000000001
0000000000000000000000000000000000000001
0000000000000000000000000000000000000001
0000000000000000000000000000000000000001
0000000000000000000000000000000000000001
0000000000000000000000000000000000000001
0000000000000000000000000000000000000001
0000000000000000000000000000000000000001
0000000000000000000000000000000000000001
0000000000000000000000000000000000000001
0000000000000000000000000000000000000001
0000000000000000000000000000000000000001
0000000000000000000000000000000000000001
0000000000000000000000000000000000000001
0000000000000000000000000000000000000001
0000000000000000000000000000000000000001
0000000000000000000000000000000000000001
0000000000000000000000000000000000000001
0000000000000000000000000000000000000001
0000000000000000000000000000000000000001
0000000000000000000000000000000000000001
0000000000000000000000000000000000000001
0000000000000000000000000000000000000001
0000000000000000000000000000000000000001
0000000000000000000000000000000000000001
0000000000000000000000000000000000000001
0000000000000000000000000000000000000001
0000000000000000000000000000000000000001
0000000000000000000000000000000000000001
0000000000000000000000000000000000000001
0000000000000000000000000000000000000001
0000000000000000000000000000000000000001
0000000000000000000000000000000000000001
0000000000000000000000000000000000000001
0000000000000000000000000000000000000001
0000000000000000000000000000000000000001
0000000000000000000000000000000000000001
0000000000000000000000000000000000000001
0000000000000000000000000000000000000001
0000000000000000000000000000000000000001
0000000000000000000000000000000000000001
0000000000000000000000000000000000000001
0000000000000000000000000000000000000001
0000000000000000000000000000000000000001
0000000000000000000000000000000000000001
0000000000000000000000000000000000000001
0000000000000000000000000000000000000001
0000000000000000000000000000000000000001
0000000000000000000000000000000000000001
0000000000000000000000000000000000000001
0000000000000000000000000000000000000001
0000000000000000000000000000000000000001
0000000000000000000000000000000000000001
0000000000000000000000000000000000000001
0000000000000000000000000000000000000001
0000000000000000000000000000000000000001
0000000000000000000000000000000000000001
0000000000000000000000000000000000000001
0000000000000000000000000000000000000001
0000000000000000000000000000000000000001
0000000000000000000000000000000000000001
0000000000000000000000000000000000000001
0000000000000000000000000000000000000001
0000000000000000000000000000000000000001
0000000000000000000000000000000000000001
0000000000000000000000000000000000000001
0000000000000000000000000000000000000001
0000000000000000000000000000000000000001
0000000000000000000000000000000000000001
0000000000000000000000000000000000000001
0000000000000000000000000000000000000001
0000000000000000000000000000000000000001
0000000000000000000000000000000000000001
0000000000000000000000000000000000000001
0000000000000000000000000000000000000001
0000000000000000000000000000000000000001
0000000000000000000000000000000000000001
0000000000000000000000000000000000000001
0000000000000000000000000000000000000001
0000000000000000000000000000000000000001
0000000000000000000000000000000000000001
0000000000000000000000000000000000000001
0000000000000000000000000000000000000001
0000000000000000000000000000000000000001
0000000000000000000000000000000000000001
0000000000000000000000000000000000000001
0000000000000000000000000000000000000001
0000000000000000000000000000000000000001
0000000000000000000000000000000000000001
0000000000000000000000000000000000000001
0000000000000000000000000000000000000001
0000000000000000000000000000000000000001
0000000000000000000000000000000000000001
0000000000000000000000000000000000000001
0000000000000000000000000000000000000001
0000000000000000000000000000000000000001
0000000000000000000000000000000000000001
0000000000000000000000000000000000000001
0000000000000000000000000000000000000001
0000000000000000000000000000000000000001
0000000000000000000000000000000000000001
0000000000000000000000000000000000000001
0000000000000000000000000000000000000001
0000000000000000000000000000000000000001
0000000000000000000000000000000000000001
0000000000000000000000000000000000000001
0000000000000000000000000000000000000001
0000000000000000000000000000000000000001
0000000000000000000000000000000000000001
0000000000000000000000000000000000000001
0000000000000000000000000000000000000001
0000000000000000000000000000000000000001
0000000000000000000000000000000000000001
0000000000000000000000000000000000000001
0000000000000000000000000000000000000001
0000000000000000000000000000000000000001
0000000000000000000000000000000000000001
0000000000000000000000000000000000000001
0000000000000000000000000000000000000001
0000000000000000000000000000000000000001
0000000000000000000000000000000000000001
0000000000000000000000000000000000000001
0000000000000000000000000000000000000001
0000000000000000000000000000000000000001
0000000000000000000000000000000000000001
0000000000000000000000000000000000000001
0000000000000000000000000000000000000001
0000000000000000000000000000000000000001
0000000000000000000000000000000000000001
0000000000000000000000000000000000000001
0000000000000000000000000000000000000001
0000000000000000000000000000000000000001
0000000000000000000000000000000000000001
0000000000000000000000000000000000000001
0000000000000000000000000000000000000001
0000000000000000000000000000000000000001
0000000000000000000000000000000000000001
0000000000000000000000000000000000000001
0000000000000000000000000000000000000001
0000000000000000000000000000000000000001
0000000000000000000000000000000000000001
0000000000000000000000000000000000000001
0000000000000000000000000000000000000001
0000000000000000000000000000000000000001
0000000000000000000000000000000000000001
0000000000000000000000000000000000000001
0000000000000000000000000000000000000001
0000000000000000000000000000000000000001
0000000000000000000000000000000000000001
0000000000000000000000000000000000000001
0000000000000000000000000000000000000001
0000000000000000000000000000000000000001
0000000000000000000000000000000000000001
0000000000000000000000000000000000000001
0000000000000000000000000000000000000001
0000000000000000000000000000000000000001
0000000000000000000000000000000000000001
0000000000000000000000000000000000000001
0000000000000000000000000000000000000001
0000000000000000000000000000000000000001
0000000000000000000000000000000000000001
0000000000000000000000000000000000000001
0000000000000000000000000000000000000001
0000000000000000000000000000000000000001
0000000000000000000000000000000000000001
0000000000000000000000000000000000000001
0000000000000000000000000000000000000001
0000000000000000000000000000000000000001
0000000000000000000000000000000000000001
0000000000000000000000000000000000000001
0000000000000000000000000000000000000001
0000000000000000000000000000000000000001
0000000000000000000000000000000000000001
0000000000000000000000000000000000000001
0000000000000000000000000000000000000001
0000000000000000000000000000000000000001
0000000000000000000000000000000000000001
0000000000000000000000000000000000000001
0000000000000000000000000000000000000001
0000000000000000000000000000000000000001
0000000000000000000000000000000000000001
0000000000000000000000000000000000000001
0000000000000000000000000000000000000001
0000000000000000000000000000000000000001
0000000000000000000000000000000000000001
0000000000000000000000000000000000000001
0000000000000000000000000000000000000001
0000000000000000000000000000000000000001
0000000000000000000000000000000000000001
0000000000000000000000000000000000000001
0000000000000000000000000000000000000001
0000000000000000000000000000000000000001
0000000000000000000000000000000000000001
0000000000000000000000000000000000000001
0000000000000000000000000000000000000001
0000000000000000000000000000000000000001
0000000000000000000000000000000000000001
0000000000000000000000000000000000000001
0000000000000000000000000000000000000001
0000000000000000000000000000000000000001
0000000000000000000000000000000000000001
0000000000000000000000000000000000000001
0000000000000000000000000000000000000001
0000000000000000000000000000000000000001
0000000000000000000000000000000000000001
0000000000000000000000000000000000000001
0000000000000000000000000000000000000001
0000000000000000000000000000000000000001
0000000000000000000000000000000000000001
0000000000000000000000000000000000000001
0000000000000000000000000000000000000001
0000000000000000000000000000000000000001
0000000000000000000000000000000000000001
0000000000000000000000000000000000000001
0000000000000000000000000000000000000001
0000000000000000000000000000000000000001
0000000000000000000000000000000000000001
0000000000000000000000000000000000000001
0000000000000000000000000000000000000001
0000000000000000000000000000000000000001
0000000000000000000000000000000000000001
0000000000000000000000000000000000000001
0000000000000000000000000000000000000001
0000000000000000000000000000000000000001
0000000000000000000000000000000000000001
0000000000000000000000000000000000000001
0000000000000000000000000000000000000001
0000000000000000000000000000000000000001
0000000000000000000000000000000000000001
0000000000000000000000000000000000000001
0000000000000000000000000000000000000001
0000000000000000000000000000000000000001
0000000000000000000000000000000000000001
0000000000000000000000000000000000000001
0000000000000000000000000000000000000001
0000000000000000000000000000000000000001
0000000000000000000000000000000000000001
0000000000000000000000000000000000000001
0000000000000000000000000000000000000001
0000000000000000000000000000000000000001
0000000000000000000000000000000000000001
0000000000000000000000000000000000000001
0000000000000000000000000000000000000001
0000000000000000000000000000000000000001
0000000000000000000000000000000000000001
0000000000000000000000000000000000000001
0000000000000000000000000000000000000001
0000000000000000000000000000000000000001
0000000000000000000000000000000000000001
0000000000000000000000000000000000000001
0000000000000000000000000000000000000001
0000000000000000000000000000000000000001
0000000000000000000000000000000000000001
0000000000000000000000000000000000000001
0000000000000000000000000000000000000001
0000000000000000000000000000000000000001
0000000000000000000000000000000000000001
0000000000000000000000000000000000000001
0000000000000000000000000000000000000001
0000000000000000000000000000000000000001
0000000000000000000000000000000000000001
0000000000000000000000000000000000000001
0000000000000000000000000000000000000001
0000000000000000000000000000000000000001
0000000000000000000000000000000000000001
0000000000000000000000000000000000000001
0000000000000000000000000000000000000001
0000000000000000000000000000000000000001
0000000000000000000000000000000000000001
0000000000000000000000000000000000000001
0000000000000000000000000000000000000001
0000000000000000000000000000000000000001
0000000000000000000000000000000000000001
0000000000000000000000000000000000000001
0000000000000000000000000000000000000001
0000000000000000000000000000000000000001
0000000000000000000000000000000000000001
0000000000000000000000000000000000000001
0000000000000000000000000000000000000001
0000000000000000000000000000000000000001
0000000000000000000000000000000000000001
0000000000000000000000000000000000000001
0000000000000000000000000000000000000001
0000000000000000000000000000000000000001
0000000000000000000000000000000000000001
0000000000000000000000000000000000000001
0000000000000000000000000000000000000001
0000000000000000000000000000000000000001
0000000000000000000000000000000000000001
0000000000000000000000000000000000000001
0000000000000000000000000000000000000001
0000000000000000000000000000000000000001
0000000000000000000000000000000000000001
0000000000000000000000000000000000000001
0000000000000000000000000000000000000001
0000000000000000000000000000000000000001
0000000000000000000000000000000000000001
0000000000000000000000000000000000000001
0000000000000000000000000000000000000001
0000000000000000000000000000000000000001
0000000000000000000000000000000000000001
0000000000000000000000000000000000000001
0000000000000000000000000000000000000001
0000000000000000000000000000000000000001
0000000000000000000000000000000000000001
0000000000000000000000000000000000000001
0000000000000000000000000000000000000001
0000000000000000000000000000000000000001
0000000000000000000000000000000000000001
0000000000000000000000000000000000000001
0000000000000000000000000000000000000001
0000000000000000000000000000000000000001
0000000000000000000000000000000000000001
0000000000000000000000000000000000000001
0000000000000000000000000000000000000001
0000000000000000000000000000000000000001
0000000000000000000000000000000000000001
0000000000000000000000000000000000000001
0000000000000000000000000000000000000001
0000000000000000000000000000000000000001
0000000000000000000000000000000000000001
0000000000000000000000000000000000000001
0000000000000000000000000000000000000001
0000000000000000000000000000000000000001
0000000000000000000000000000000000000001
0000000000000000000000000000000000000001
0000000000000000000000000000000000000001
0000000000000000000000000000000000000001
0000000000000000000000000000000000000001
0000000000000000000000000000000000000001
0000000000000000000000000000000000000001
0000000000000000000000000000000000000001
0000000000000000000000000000000000000001
0000000000000000000000000000000000000001
0000000000000000000000000000000000000001
0000000000000000000000000000000000000001
0000000000000000000000000000000000000001
0000000000000000000000000000000000000001
0000000000000000000000000000000000000001
0000000000000000000000000000000000000001
0000000000000000000000000000000000000001
0000000000000000000000000000000000000001
0000000000000000000000000000000000000001
0000000000000000000000000000000000000001
0000000000000000000000000000000000000001
0000000000000000000000000000000000000001
0000000000000000000000000000000000000001
0000000000000000000000000000000000000001
0000000000000000000000000000000000000001
0000000000000000000000000000000000000001
0000000000000000000000000000000000000001
0000000000000000000000000000000000000001
0000000000000000000000000000000000000001
0000000000000000000000000000000000000001
0000000000000000000000000000000000000001
0000000000000000000000000000000000000001
0000000000000000000000000000000000000001
0000000000000000000000000000000000000001
0000000000000000000000000000000000000001
0000000000000000000000000000000000000001
0000000000000000000000000000000000000001
0000000000000000000000000000000000000001
0000000000000000000000000000000000000001
0000000000000000000000000000000000000001
0000000000000000000000000000000000000001
0000000000000000000000000000000000000001
0000000000000000000000000000000000000001
0000000000000000000000000000000000000001
0000000000000000000000000000000000000001
0000000000000000000000000000000000000001
0000000000000000000000000000000000000001
0000000000000000000000000000000000000001
0000000000000000000000000000000000000001
0000000000000000000000000000000000000001
0000000000000000000000000000000000000001
0000000000000000000000000000000000000001
0000000000000000000000000000000000000001
0000000000000000000000000000000000000001
0000000000000000000000000000000000000001
0000000000000000000000000000000000000001
0000000000000000000000000000000000000001
0000000000000000000000000000000000000001
0000000000000000000000000000000000000001
0000000000000000000000000000000000000001
0000000000000000000000000000000000000001
0000000000000000000000000000000000000001
0000000000000000000000000000000000000001
0000000000000000000000000000000000000001
0000000000000000000000000000000000000001
0000000000000000000000000000000000000001
0000000000000000000000000000000000000001
0000000000000000000000000000000000000001
0000000000000000000000000000000000000001
0000000000000000000000000000000000000001
0000000000000000000000000000000000000001
0000000000000000000000000000000000000001
0000000000000000000000000000000000000001
0000000000000000000000000000000000000001
0000000000000000000000000000000000000001
0000000000000000000000000000000000000001
0000000000000000000000000000000000000001
0000000000000000000000000000000000000001
0000000000000000000000000000000000000001
0000000000000000000000000000000000000001
0000000000000000000000000000000000000001
0000000000000000000000000000000000000001
0000000000000000000000000000000000000001
0000000000000000000000000000000000000001
0000000000000000000000000000000000000001
0000000000000000000000000000000000000001
0000000000000000000000000000000000000001
0000000000000000000000000000000000000001
0000000000000000000000000000000000000001
0000000000000000000000000000000000000001
0000000000000000000000000000000000000001
0000000000000000000000000000000000000001
0000000000000000000000000000000000000001
